image: map016.png
resolution: 0.200000
origin: [0.000000, 0.00000, 0.000000]
negate: 0
occupied_thresh: 0.65
free_thresh: 0.196
